Query: 1
Nearest neighbor-1: 6419
distanceLSH: 406.033264
distanceTrue: 276.781494
tLSH: 7618.000000
tTrue: 2009652.000000
6419
6295
9440
9608
8386
2727
5298
2569
6132
8901
3064
3168
5083
4596

Query: 2
Nearest neighbor-1: 9575
distanceLSH: 259.913452
distanceTrue: 256.852112
tLSH: 3539.000000
tTrue: 1985263.000000
9575
3677
9862
610
3126
3559
2853
7609
9972
7174
9592
5446
211
3298
5444
6631
8427
3678
6287
7290
3840
5928
6468
2166
7647
6728
7985
8616
8315
5840
4417
1642
7750
4789
6815
1725
7362
1587
3031
2253
2537
1698
7447
5519
5805
2365
1961
57
5424
7218
4489
4672

Query: 3
Nearest neighbor-1: 4226
distanceLSH: 275.561249
distanceTrue: 206.736542
tLSH: 1992.000000
tTrue: 1990133.000000
4226
7699
3457
4513
2236
2225
576
1099
5707
4942
248
3819
4770
4241
2328
3319
1354
5276
9202
8814
2574
5317
687
926
9389
6646
7080

Query: 4
Nearest neighbor-1: 3887
distanceLSH: 274.227997
distanceTrue: 215.176666
tLSH: 2784.000000
tTrue: 1974092.000000
3887
2177
2990
200
603
6245
285
229
6385
8841
2736
5035
8817
8067
4398
9463
7815
8640
6412
6992
1967
3162
9765
8934
6368
7231
5854
6141
8931
3761
2500
512
3252
4434
7374
5089
5785
4418
7481
4698

Query: 5
Nearest neighbor-1: 918
distanceLSH: 295.276154
distanceTrue: 250.509476
tLSH: 3341.000000
tTrue: 1977697.000000
918
3373
8542
6276
6365
4807
3780
4657
4582
9707
1004
5822
7936
4499
3959
1226
8458
7775
442
1076
2171
6120
7973
6645
4969
2833
1077
1571
1380
7428
7923
5762
5533
4286
3853
7659
3656
7057
1996
6079
3854
6020
3522
7600
8065
9066
7071
5677
3197
7244

Query: 6
Nearest neighbor-1: 9402
distanceLSH: 390.580322
distanceTrue: 275.150879
tLSH: 985.000000
tTrue: 1970585.000000
9402
2374
2448
8069
524
1401
5845
7493
2323
4027
1261
9356

Query: 7
Nearest neighbor-1: 3811
distanceLSH: 340.407104
distanceTrue: 246.609009
tLSH: 1717.000000
tTrue: 1985609.000000
3811
2751
5780
2159
8289
6533
7075
4697
2259
6882
6614
9828
7115
5420
6028
8439
956
4961
6485
4846
4871
968
4971
4908

Query: 8
Nearest neighbor-1: 9969
distanceLSH: 288.721313
distanceTrue: 173.948273
tLSH: 2089.000000
tTrue: 1965202.000000
9969
5931
4113
7375
9915
9161
7646
6599
5598
2944
2745
1567
2111
7129
8796
8710
8242
431
1140
796
2050
8581
1742
8383
1560
3661
4739
9548
5593

Query: 9
Nearest neighbor-1: 7906
distanceLSH: 293.921753
distanceTrue: 248.473343
tLSH: 2842.000000
tTrue: 1964646.000000
7906
9708
9559
119
9055
2586
4466
2789
779
5457
5520
5213
6352
5884
7208
5156
6477
1083
8020
3804
7280
8760
5814
1864
1634
9250
8320
1875
7872
2940
2730
5685
545
3156
4495
6614
3098
9213
6317
4859
9363
7342

Query: 10
Nearest neighbor-1: 5138
distanceLSH: 336.887207
distanceTrue: 250.013992
tLSH: 3624.000000
tTrue: 1974171.000000
5138
9687
1
9623
4509
5133
7575
427
5925
7263
6690
6892
7664
7026
6854
8761
2318
9588
2474
9245
2803
6033
8356
4691
7188
8493
3880
3953
5456
7834
6860
819
7141
647
3288
3103
7061
9494
1710
1039
1492
5658
3201
4386
4257
5583
9091
748
9131
2272
4495
3297
5126
6168

Query: 11
Nearest neighbor-1: 4362
distanceLSH: 374.334076
distanceTrue: 293.882629
tLSH: 1691.000000
tTrue: 1970827.000000
4362
7163
471
4370
3156
331
4374
7453
9879
5764
7204
9659
7930
2534
8347
9155
1818
6918
6124
9481
760
8476
1025
1275

Query: 12
Nearest neighbor-1: 3468
distanceLSH: 279.186310
distanceTrue: 172.162720
tLSH: 1310.000000
tTrue: 1979839.000000
3468
4776
9619
4725
8189
231
4887
2009
5884
2100
8160
4197
2340
5814
3399
7980
2183
2277

Query: 13
Nearest neighbor-1: 7322
distanceLSH: 463.174927
distanceTrue: 238.549789
tLSH: 440.000000
tTrue: 1964345.000000
7322
1858
6231
5407

Query: 14
Nearest neighbor-1: 3133
distanceLSH: 346.057800
distanceTrue: 244.677338
tLSH: 1415.000000
tTrue: 1963959.000000
3133
3131
2026
1982
2773
2532
9344
284
9371
7249
6500
9152
9028
7665
2126
752
9147
9003
3876
2147

Query: 15
Nearest neighbor-1: 1261
distanceLSH: 329.003052
distanceTrue: 273.316681
tLSH: 4045.000000
tTrue: 1967028.000000
1261
3803
268
9043
7515
7772
9911
2323
5281
8647
5664
4012
6021
3072
4330
1586
9356
356
2861
3962
3278
7493
5485
8650
7457
1756
5396
1343
5194
1815
4027
2560
8287
5805
5575
5936
2374
2414
6885
4430
9402
6022
9243
9731
2448
5341
3812
7872
3482
9776
8844
3163
1401
7889
7215
4385
3041
5845
6044
2476

Query: 16
Nearest neighbor-1: 9041
distanceLSH: 305.913391
distanceTrue: 253.682877
tLSH: 2486.000000
tTrue: 2015869.000000
9041
3961
8894
3216
3046
4585
6796
3963
811
6262
9728
3543
1592
6119
7550
624
3192
5938
7676
1992
9065
2056
5874
1534
1863
2776
7755
9670
5802
1427
1696
7531
9924
1469
9971
7195
5060

Query: 17
Nearest neighbor-1: 9582
distanceLSH: 268.931213
distanceTrue: 248.199524
tLSH: 718.000000
tTrue: 1979022.000000
9582
3918
441
3699
100
7924
5250
9800

Query: 18
Nearest neighbor-1: 3947
distanceLSH: 288.183960
distanceTrue: 254.635040
tLSH: 2269.000000
tTrue: 1991925.000000
3947
2204
218
109
2627
4450
489
632
2730
7601
486
6820
6992
5817
5423
8729
1591
2402
6554
5457
1549
9014
2426
5014
6528
8594
1085
5917
8357
5003
9610
5074
7473

Query: 19
Nearest neighbor-1: 7579
distanceLSH: 333.184631
distanceTrue: 266.889496
tLSH: 1369.000000
tTrue: 1989695.000000
7579
9211
2713
343
1648
9
4353
4149
8286
2395
1379
9088
7071
6881
781
3319
3657
1897

Query: 20
Nearest neighbor-1: 1897
distanceLSH: 314.065277
distanceTrue: 224.750977
tLSH: 822.000000
tTrue: 1968958.000000
1897
3624
1455
787
8926
9163
8757
1399
3961
5527

Query: 21
Nearest neighbor-1: 7820
distanceLSH: 326.915894
distanceTrue: 192.984451
tLSH: 1701.000000
tTrue: 1969406.000000
7820
7348
501
4111
3094
2790
4422
6927
3272
9424
800
1130
2005
3578
9029
330
1943
3042
2825
1069
311
3947
1542
7080

Query: 22
Nearest neighbor-1: 5388
distanceLSH: 253.383102
distanceTrue: 80.845535
tLSH: 3060.000000
tTrue: 1974233.000000
5388
8983
7940
815
5749
6
378
5945
9385
9157
3669
4279
6355
4540
1879
2620
8051
6441
4369
6985
8196
7876
7487
6899
8059
2157
2265
6374
5305
3698
2229
7846
858
6897
1434
657
1417
7774
9852
9403
6208
1156
8221
7391

Query: 23
Nearest neighbor-1: 7844
distanceLSH: 290.742157
distanceTrue: 173.052017
tLSH: 1160.000000
tTrue: 1966666.000000
7844
104
609
1791
3050
7921
3107
7817
89
4768
5561
6849
5942
8179
6881
9218

Query: 24
Nearest neighbor-1: 5652
distanceLSH: 312.689941
distanceTrue: 253.940933
tLSH: 2297.000000
tTrue: 2042611.000000
5652
3661
4807
5134
1171
9964
1735
4366
6463
2445
9319
6919
7136
7990
3803
6562
2217
8715
6645
4199
231
9154
3172
7240
5142
1935
714
6569
9363
293
9524
6334

Query: 25
Nearest neighbor-1: 7948
distanceLSH: 287.198547
distanceTrue: 154.227112
tLSH: 2927.000000
tTrue: 1993174.000000
7948
8721
1641
4986
1226
4278
7491
4725
9005
8377
6215
5103
3000
546
2725
2063
7482
1483
93
6188
7479
6410
6824
5011
4959
8243
6739
7593
6169
9349
6719
9117
2526
8284
8628
7904
8718
3148
886
6114
1498
4483
4975

Query: 26
Nearest neighbor-1: 2653
distanceLSH: 364.041199
distanceTrue: 271.610016
tLSH: 2301.000000
tTrue: 1965849.000000
2653
2123
3844
1435
2912
904
2306
945
3359
5370
499
2704
7682
3731
4225
9847
7933
6454
7475
6265
5474
8421
5285
6761
6922
9704
6061
4611
6185
5632
3099
2235
8841
2131

Query: 27
Nearest neighbor-1: 5138
distanceLSH: 283.970062
distanceTrue: 183.442093
tLSH: 1970.000000
tTrue: 1982781.000000
5138
248
6701
4225
1745
5287
251
326
7458
9752
5251
6565
8120
2600
8381
6274
2178
3090
8376
2818
6588
2958
7271
5831
9865
7918
9066
7893

Query: 28
Nearest neighbor-1: 8664
distanceLSH: 261.212555
distanceTrue: 175.516388
tLSH: 3005.000000
tTrue: 1966438.000000
8664
5147
3012
3146
6201
257
7330
7373
1827
6182
6956
7213
5367
2959
6750
5319

Query: 29
Nearest neighbor-1: 5274
distanceLSH: 281.337860
distanceTrue: 224.859955
tLSH: 3883.000000
tTrue: 1971843.000000
5274
5178
4715
689
7399
1067
2426
8201
5470
6050
8996
4603
7664
380
2753
5913
3015
203
6795
6991
9774
6174
3391
6725
5277
4644
8307
7935

Query: 30
Nearest neighbor-1: 375
distanceLSH: 329.707458
distanceTrue: 125.379425
tLSH: 3761.000000
tTrue: 2020747.000000
375
6960
2099
4877
5674
5776
1106
7577
5079
4435
7033
9885
8863
6937
5279
5328
4080
9023
5098
3518
8421
3332
4581
6128
5782
5901
6062
7281
7062

Query: 31
Nearest neighbor-1: 1010
distanceLSH: 317.164001
distanceTrue: 265.377075
tLSH: 3077.000000
tTrue: 2142483.000000
1010
4797
857
2861
1365
380
3374
5959
2955
2624
1584
9767
7928
3442
2345
365
9672

Query: 32
Nearest neighbor-1: 4318
distanceLSH: 345.528595
distanceTrue: 109.192490
tLSH: 3314.000000
tTrue: 2066585.000000
4318
344
5768
5006
2829
4931
5258
8855
2897
951
1408
4883
8361
1775
9183
7021
1795
4759
9527

Query: 33
Nearest neighbor-1: 158
distanceLSH: 334.583313
distanceTrue: 187.563324
tLSH: 4265.000000
tTrue: 1988860.000000
158
5187
9881
5925
3466
9482
3701
5669
7238
7260
6027
1630
8946
7612
6997
3221
2801
9712
2672
3450
4446
1707
194
364
3498
1431
9251
4439
1853
2176
9858
9981
5706
1231
8487

Query: 34
Nearest neighbor-1: 7267
distanceLSH: 466.555450
distanceTrue: 328.278839
tLSH: 3491.000000
tTrue: 2037716.000000
7267
122
3554
1157
8659
7608
394
1997
8587
793
4276
8328
7862
8259
6570
730
6688
5948
6658
9884
3035
4463
4594

Query: 35
Nearest neighbor-1: 22
distanceLSH: 310.048370
distanceTrue: 248.553818
tLSH: 3728.000000
tTrue: 1983282.000000
22
4584
5206
8802
5061
6603
251
8501
7859
6507
6344
9517
8784
8598
9059
2582
2845
8620
7404
402
7367
1388
9002
3152
239
8767

Query: 36
Nearest neighbor-1: 2177
distanceLSH: 371.245209
distanceTrue: 120.975204
tLSH: 2691.000000
tTrue: 1974762.000000
2177
1618
1996
1477
7889
7014
7761
8274
765
8334

Query: 37
Nearest neighbor-1: 9652
distanceLSH: 353.588745
distanceTrue: 111.458511
tLSH: 3716.000000
tTrue: 1991403.000000
9652
564
5376
3808
9926
3903
140
6422
6998
241
769
2217
7205
6162
5296

Query: 38
Nearest neighbor-1: 245
distanceLSH: 402.970215
distanceTrue: 166.856232
tLSH: 4779.000000
tTrue: 1971130.000000
245
6095
1558
954
1006
302
3142
6894
2131
799
807
2571
4265
6599
6495
2960
3354
4838
7867
3361
4075
99
1913
7243
9080
8780
5429
517
6786
1357
3617
8636
8226
2815
1123
8187
4985
8980
4840

Query: 39
Nearest neighbor-1: 5956
distanceLSH: 406.407440
distanceTrue: 156.358566
tLSH: 3532.000000
tTrue: 1982094.000000
5956
4592
9602
2663
3445
7310
4966
3037
896
4971
6652
7175
7648
3006
4337
7299
1832
200
3875
1096
7849

Query: 40
Nearest neighbor-1: none
distanceLSH: 0.000000
distanceTrue: 193.976807
tLSH: 2600.000000
tTrue: 2077547.000000

Query: 41
Nearest neighbor-1: 1472
distanceLSH: 304.542267
distanceTrue: 153.564316
tLSH: 2838.000000
tTrue: 1968310.000000
1472
6096
9559
2586
8493
5520
5213
7872
7342
5685
9250
1875
9363

Query: 42
Nearest neighbor-1: 7815
distanceLSH: 261.453644
distanceTrue: 200.494385
tLSH: 3176.000000
tTrue: 1992930.000000
7815
3448
9324
7318
2145
9514
1088
8944
794
7654
2611
5835
1473

Query: 43
Nearest neighbor-1: 3961
distanceLSH: 341.820129
distanceTrue: 236.772049
tLSH: 3266.000000
tTrue: 1989105.000000
3961
4830
5003
8977
9040
559
5492
2693
3974
297
8396
5046
6708
2492
9480
4381
6159
6160

Query: 44
Nearest neighbor-1: 1372
distanceLSH: 324.929230
distanceTrue: 165.339050
tLSH: 4286.000000
tTrue: 1985841.000000
1372
5718
4116
5158
9247
4926
5459
8469
3128
2221
8550
2912
7455
2550
3539
7295
1971
6861
9692
3441
1453
9627
1449
5756
1713
4090
707
2850
9344
9843

Query: 45
Nearest neighbor-1: 2361
distanceLSH: 370.314728
distanceTrue: 256.353271
tLSH: 4067.000000
tTrue: 1991377.000000
2361
5656
2053
8368
1795
1634
4217
2214
5538
6728
8323
8727
2489
1165
4089
1231
8045
1016
38
5584
8025
8331
9349
9324
4210
992
1314
9325
7981
7788
4461
415

Query: 46
Nearest neighbor-1: 4492
distanceLSH: 287.358673
distanceTrue: 261.361816
tLSH: 5399.000000
tTrue: 1993859.000000
4492
6151
5904
2903
7309
9208
2077
4111
4856
2633
4570
2011
8471
2788
4261
7500
8541
2593
9040
3799
4881
760
8988
7947
5980
1174
7064
5613
4264
8456
5973
8622
2330
523
9080
850
5858
5753
2707
5672
1404
5410
4193
3681
189
477
7282

Query: 47
Nearest neighbor-1: 819
distanceLSH: 310.993561
distanceTrue: 99.629311
tLSH: 2621.000000
tTrue: 2067034.000000
819
3042
2929
2756
2089
8523
6665
6355

Query: 48
Nearest neighbor-1: 5677
distanceLSH: 377.080902
distanceTrue: 294.394287
tLSH: 5559.000000
tTrue: 1978006.000000
5677
3014
4298
8087
1934
1188
1816
8782
1462
3522
6161
8720
7214
6316
2620
2839
2855
1356
1731
291
1884
6797
5936
4513
6827

Query: 49
Nearest neighbor-1: 878
distanceLSH: 426.246399
distanceTrue: 155.762634
tLSH: 3536.000000
tTrue: 2079315.000000
878
5495
7598
7491
62
8802
8052
3049
9017
3779
8918
8593
7779
7960
7097
1147
9926
8203
6752
4249
9037
9744
7396
1031

Query: 50
Nearest neighbor-1: 4977
distanceLSH: 344.927521
distanceTrue: 128.782761
tLSH: 3536.000000
tTrue: 2096322.000000
4977
5301
675
8123
3497
3617
2378
3707
6872
4228
7476
6223
8071
2955
5195
7929
3975
7354
572
886
6013
450
2436
8546
6776
4039
6112

Query: 51
Nearest neighbor-1: 5965
distanceLSH: 362.258209
distanceTrue: 181.140823
tLSH: 3003.000000
tTrue: 2006071.000000
5965
5714
3913
324
4121
7611
6176
7253
6691
378
8400
7387
9419
8758
8537
4315
6539
8279
6590
1775
3068
8409
4398
7111

Query: 52
Nearest neighbor-1: 7485
distanceLSH: 298.859497
distanceTrue: 130.812851
tLSH: 4743.000000
tTrue: 1989909.000000
7485
6925
80
609
1400
7844
5253
3050
3291
8159
6849
295
6222
5131
8316
7463
2418
2331
3230
1783
3126
4999
3181
2908
509
813
1849
2447
6121
3531
6599
2717
1575
574
318
3714
638
9218
9982
6600

Query: 53
Nearest neighbor-1: 6077
distanceLSH: 305.037689
distanceTrue: 198.776260
tLSH: 4170.000000
tTrue: 2053509.000000
6077
352
4474
481
9085
8102
6299
2660
4278
6319
1378
1265
8765
8503
1338
9817
4229
3792
6172
9036
7755
3062
3738
1680
7120
884
1046
7896
5318
7341

Query: 54
Nearest neighbor-1: 6827
distanceLSH: 312.481995
distanceTrue: 194.177750
tLSH: 4774.000000
tTrue: 2215912.000000
6827
4672
7491
7423
831
7779
62
4453
1425
7330
635
1793
433
1332
5856
3049
6877
442
8802
2659
878
5460
6366
9069
8203
7636
1031
1147
2786
4249
7507
9926
2717
1617
1340
2452
8808
897
6672

Query: 55
Nearest neighbor-1: 1907
distanceLSH: 202.200394
distanceTrue: 159.307877
tLSH: 5212.000000
tTrue: 2044911.000000
1907
9858
2116
842
5324
2707
6900
2279
4307
5982
216
9412
3426
1567
7180
303
990
1148
9114
2733
9572
8545
896
2819
2809
1839
3985
8041
907
5246
7737
8913
8645
4862
872
6134
4951
142
4672

Query: 56
Nearest neighbor-1: 8559
distanceLSH: 376.115662
distanceTrue: 184.043472
tLSH: 3507.000000
tTrue: 2004752.000000
8559
1776
7105
7998
7578
8077
903
8641
30
9298

Query: 57
Nearest neighbor-1: 7051
distanceLSH: 244.161835
distanceTrue: 190.735413
tLSH: 6516.000000
tTrue: 2012829.000000
7051
4742
9384
8442
957
3755
7348
1011
9877
1822
1263
9308
3040
9188
6436
4230
596
8075
4033
7411
6694
8658
4426
3947
7080

Query: 58
Nearest neighbor-1: 8799
distanceLSH: 318.099030
distanceTrue: 167.146637
tLSH: 4773.000000
tTrue: 1995066.000000
8799
9694
372
4386
9493
3911
1696
9500
402
2567
8571
7903
9077
7331
9818
7593
7590
5796
5667

Query: 59
Nearest neighbor-1: 7673
distanceLSH: 420.158295
distanceTrue: 65.741920
tLSH: 5205.000000
tTrue: 2023613.000000
7673
6353
3585
8072
8024
6430
8708
5890
9860
3020
7963
6249
7260
9072
2747
390
4182
9899
8573
6913
4235
8869
5509
5585
7307

Query: 60
Nearest neighbor-1: 5270
distanceLSH: 238.610565
distanceTrue: 114.415909
tLSH: 5626.000000
tTrue: 1992680.000000
5270
1347
8164
68
1565
3297
7203
1487
2315
6012
4163
5727
3850
3563
4119
983
9132
7147
4880
8655
2950
3788
1877
5848
5351
2009
6193
1225
8964

Query: 61
Nearest neighbor-1: 6457
distanceLSH: 307.946411
distanceTrue: 170.308548
tLSH: 7032.000000
tTrue: 1998139.000000
6457
562
6657
1810
2230
5482
2049
3031
9771
4622
2831
521
5994
6303
7920
986
3572
184
7347
8663
9616
1496
1443
8816
321
2726
4871
7649
5125
1933
9134
2355
8330
1480
8691
1446
6358
3997
5852
1760
8890
8070
9753
6914
6213
44
8206
6671
5188
2202
7849

Query: 62
Nearest neighbor-1: 8866
distanceLSH: 442.193390
distanceTrue: 140.356689
tLSH: 4555.000000
tTrue: 2034422.000000
8866
7876
476
7701
6372
5316
8281
3770
9336
5614
1164
614

Query: 63
Nearest neighbor-1: 7583
distanceLSH: 329.302307
distanceTrue: 131.651047
tLSH: 3299.000000
tTrue: 2022513.000000
7583
8642
909
2999
9217
7949
8943
1358
2073
3540

Query: 64
Nearest neighbor-1: 7208
distanceLSH: 288.062500
distanceTrue: 94.915749
tLSH: 6340.000000
tTrue: 2135655.000000
7208
6780
4981
9248
6503
2428
4333
6046
3756
5117
221
79
5702
934
6325
67
4780
9342
8984
4308
3867
5131
7450
4826
863
6882
6894
7361
5203
2504
1430
7278
1363
9111
742
1503
4825
6484
1384
1364
8234

Query: 65
Nearest neighbor-1: 8076
distanceLSH: 373.656250
distanceTrue: 138.275085
tLSH: 8572.000000
tTrue: 2007250.000000
8076
8041
6148
9272
3210
6802
5998
9625
3739
5334
4588
4997
9513
142
9624
3000
8349
3338
9719
8886
5247
3352
3073
5167
582
4988
2857
467
6000
5159
9177
1328
8031
5808
9353
8235
1533
8367
2674
2807
8473
3417
7526
2649
2436
816
2233
2503
7175
6569
7334
4253
686
5359

Query: 66
Nearest neighbor-1: 8845
distanceLSH: 336.973297
distanceTrue: 173.381088
tLSH: 5482.000000
tTrue: 2090133.000000
8845
1536
2202
2399
6763
1367
6121
3856
3235
2693
1899
681
6582
8532
8375
6584
3035
7387
6866

Query: 67
Nearest neighbor-1: 4309
distanceLSH: 456.977020
distanceTrue: 200.865631
tLSH: 3500.000000
tTrue: 2001554.000000
4309
4682
5732
522
4624
4195
8531
7758
8718
9294
5691
5764
2414

Query: 68
Nearest neighbor-1: 9273
distanceLSH: 345.166626
distanceTrue: 224.225327
tLSH: 6376.000000
tTrue: 1988086.000000
9273
3910
8809
2580
3080
749
1869
9388
3363
3582
2046
6580
5601
3868
7655
4373
1353
6903
969
4078
7791
6091
553
3261
6919
5220
3232
3719
7566
3016
7726
3331
4334
298
1649
1276
4807

Query: 69
Nearest neighbor-1: 3555
distanceLSH: 311.499603
distanceTrue: 201.310699
tLSH: 4757.000000
tTrue: 1989418.000000
3555
6068
184
3479
5644
5717
2428
2095
2181
2759
3759
8485
8732
3478
6282
6191

Query: 70
Nearest neighbor-1: 6748
distanceLSH: 332.468048
distanceTrue: 266.812683
tLSH: 6684.000000
tTrue: 1993490.000000
6748
3824
4506
4983
1546
8916
9513
4684
595
3581
6437
1612
1639
8612
7127
183
5837
6870
5695
278
1655
8936
327
9458
5397
7563
4610
9310
1218
7517
1090
4266
8504
7156
6132
8299
8122
6681
6695
8274
6800
7538
9489
7244
9457
5739
9224
9276

Query: 71
Nearest neighbor-1: 2298
distanceLSH: 271.044281
distanceTrue: 46.818798
tLSH: 5370.000000
tTrue: 2011271.000000
2298
4678
7788
5903
516
3227
2467
4484
1276
3985
4573
8646
6133
655
388
6968
234
5445
8711
7832
2694
685
7316
7555
8057
7792
1032

Query: 72
Nearest neighbor-1: 5943
distanceLSH: 311.428955
distanceTrue: 193.674988
tLSH: 6344.000000
tTrue: 1997679.000000
5943
6142
3032
8943
6163
8334
2351
765
5541
104
1798
7268
8035
5820
7303
9385
2244
9136
7648
4030
7761
5779
2388
2235
5819
8274
7223
7666
6836
1996
6166
1759
7293
2448
8694
2416
1854
2177
5794
1807
1391
695

Query: 73
Nearest neighbor-1: 461
distanceLSH: 407.792847
distanceTrue: 303.211151
tLSH: 5093.000000
tTrue: 2005955.000000
461
7257
8964
1445
4001
9785
2457
9426
5655
9392
2691
7283
8850
285

Query: 74
Nearest neighbor-1: 907
distanceLSH: 371.938171
distanceTrue: 230.458237
tLSH: 8219.000000
tTrue: 1992126.000000
907
4532
9108
307
5266
4572
1360
4535
5245
5219
6271
8613
7639
4394
1012
620
7965
4646
5193
8713
8839
2391
3807
7937
8245
6331
9471
8454
2583
788
8854
5119
9002
3868
1620
8955
9424
3343
4343
8669
7955
6820
8425
7635

Query: 75
Nearest neighbor-1: 1009
distanceLSH: 275.459625
distanceTrue: 131.095383
tLSH: 3629.000000
tTrue: 1995021.000000
1009
4652
5086
1527
9445
2552
4519
8630
312
5281
4187
6912
5724
3409
8304
8125
9712
6327

Query: 76
Nearest neighbor-1: 6554
distanceLSH: 212.061310
distanceTrue: 212.061310
tLSH: 4498.000000
tTrue: 1992802.000000
6554
4688
5288
5550
4900
5971
4676
8095
4828
7096
7077
3315
6627
4038

Query: 77
Nearest neighbor-1: 1553
distanceLSH: 315.218964
distanceTrue: 251.256836
tLSH: 5929.000000
tTrue: 1993140.000000
1553
177
4142
2960
6671
3689
2471
2226
9321
4973
3184
4986
7351
7945
1515
9848
360
5358
1398
5807
5648
3524
8795
4904
8904
5014
8110
6215
5734
5866
6176
4607
4850
4571

Query: 78
Nearest neighbor-1: 8291
distanceLSH: 371.679962
distanceTrue: 293.715851
tLSH: 3122.000000
tTrue: 1988419.000000
8291
2127
4677
7351
4662
7050
3484
1634
686
4416

Query: 79
Nearest neighbor-1: 3106
distanceLSH: 353.843201
distanceTrue: 226.867798
tLSH: 4958.000000
tTrue: 2012755.000000
3106
4716
5796
9041
4874
6506
4824
9689
6872
6860
2760
3976
3687
293

Query: 80
Nearest neighbor-1: 6688
distanceLSH: 282.566803
distanceTrue: 148.165451
tLSH: 8696.000000
tTrue: 2008136.000000
6688
5106
5059
6859
3115
568
3068
3721
2850
7385
6245
3740
6530
3401
3172
3834
9213
824
5313
7355
1888
8499
7826
1865
2720
8845
7712
697
3188
2781
1382
7241
7178
3500
8165
2256
7790
7553
7721
7020
6414
179
7936
3848
1560
2453
8055
2957
3463
3672
426
5524
7312
2915
7928
4555
2375
1601
7374
4093
919
2063
4717
1275
7806

Query: 81
Nearest neighbor-1: 7588
distanceLSH: 296.905701
distanceTrue: 146.311310
tLSH: 5928.000000
tTrue: 2062004.000000
7588
3221
3884
2070
4419
6573
3299
739
6706
2614
6482
9963
5392
3120
8580
7410
5593
2194
3335
8403
7224
8990
4682
4349
7967
1745
8072
19
2661
7859
1673
1180
9287
2715

Query: 82
Nearest neighbor-1: 9696
distanceLSH: 386.786774
distanceTrue: 276.819427
tLSH: 4555.000000
tTrue: 2002319.000000
9696
7148
6300
391
5332
4794
1393
4600
7949
5091
5849
9071
6862
4009
3302
1940
4285
4159
6113
3778
5583

Query: 83
Nearest neighbor-1: 6031
distanceLSH: 336.897614
distanceTrue: 271.981628
tLSH: 5939.000000
tTrue: 1990867.000000
6031
4507
6365
2749
2660
1682
5930
8189
6264
1799
1819
7965
4025
7079
3697
4413
3537
2970
2503
1391
4073
1053
7526
1240
148
3579
6139
4581
7111
5127
5763

Query: 84
Nearest neighbor-1: 1822
distanceLSH: 308.313141
distanceTrue: 181.606720
tLSH: 4079.000000
tTrue: 1989317.000000
1822
5461
6107
5233
3924
7673
9922
9024
4408
7812
5311
9720
783
3124
9222
7901
2530
1167
1738
3391
682
241

Query: 85
Nearest neighbor-1: 9465
distanceLSH: 248.362640
distanceTrue: 192.678482
tLSH: 5521.000000
tTrue: 1981969.000000
9465
5511
7744
6813
1882
2189
4692
5040
5001
8477
6774
1742
6145
6223
8204
3498
7088
3336
1713
696
9775
6946
5450

Query: 86
Nearest neighbor-1: 4084
distanceLSH: 489.993866
distanceTrue: 285.106995
tLSH: 6421.000000
tTrue: 1993845.000000
4084
4383
115
9489
8261
4803
973
2537
2916
9940
3817
1838
3671
8684
6497
8877
3077
9253
165
1818
5261
6930
417
193
4111
6372
5866
2275
1320
1489
5914
7580
1646
8602
8419
1362
192
9879

Query: 87
Nearest neighbor-1: 1668
distanceLSH: 406.843964
distanceTrue: 224.906647
tLSH: 8837.000000
tTrue: 1992257.000000
1668
1983
7439
8953
9661
9613
2972
7953
1463
5349
3655
3605
137
7246
2751
5705
123
4924
9684
2702
1175
1086
1072
1768
9917
8465
4133
1572
9511
2465
7003
7219
6218
6189
6961
8482
6853
3312
2468
7934
2010
4306
7809
959
9162
6467
8219
9070
6236
9863
4577
1957
9382
7797
5208
6814
6442
2989
9882
5999
4506
5172
4535
1826
335
6086
270
5382
8936
4915
6492
4640
5169
5747
8075
5092

Query: 88
Nearest neighbor-1: 9057
distanceLSH: 438.834808
distanceTrue: 123.559700
tLSH: 6086.000000
tTrue: 1990076.000000
9057
1206
9213
3156
6614
4495
8496
4859
8760
2730
2300
8920
6352
9617
8320
3871
2185
9055
7876
6926
6477
8267
7465
573
6317
3256
3661
7906
2430
4609
3804
7415
5950

Query: 89
Nearest neighbor-1: 8669
distanceLSH: 298.041931
distanceTrue: 75.079956
tLSH: 6761.000000
tTrue: 1987113.000000
8669
8372
3552
132
6517
1291
2239
1492
3336
2069
7354
569
2088
8401
6994
8563
2119
6475
3796
5230
4637
4697
8192
4999
3253
8296
8531
8389
4471
9137
9449
1723
1676
3129
1483
5507
9280
90
4313
2668
7223
3206
9818
4803
7201
7784
8175
7181
4660
5013

Query: 90
Nearest neighbor-1: 4955
distanceLSH: 237.827667
distanceTrue: 114.533836
tLSH: 5827.000000
tTrue: 1996025.000000
4955
1236
217
1288
4306
1835
1728
742
7796
5333
3611
31
6539
2443
9320
3424
5354
5413
3323
9430
5018
5630
8458
4602

Query: 91
Nearest neighbor-1: 5978
distanceLSH: 231.114685
distanceTrue: 50.457905
tLSH: 5258.000000
tTrue: 1993209.000000
5978
4648
2662
20
6611
1199
4454
2326
6694
3256
8562
7121
3084
3048
9539
8292
3894
7189
2312
9866
7957
9521
4515
5844
9845

Query: 92
Nearest neighbor-1: 6816
distanceLSH: 422.549408
distanceTrue: 298.026855
tLSH: 6620.000000
tTrue: 2007779.000000
6816
4418
896
3214
3733
1020
1543
6330
9880
1060
4157
3086
9601
4688
434
2228
4793
2327
5351
3464
7624
7667
1278
5745
8861
4029
6023
9683
1280
6194
7290
7919
5988
2974
3783
8702
7588
2968
5663
9113
721
9070
6212
4235
7077

Query: 93
Nearest neighbor-1: 5884
distanceLSH: 441.364929
distanceTrue: 141.463776
tLSH: 4783.000000
tTrue: 1980393.000000
5884
9708
7208
119
8020
779
1083
5156
4466
5457
2789
7280
1864
2940
5814
1634
545
3098

Query: 94
Nearest neighbor-1: 7416
distanceLSH: 331.161591
distanceTrue: 234.774353
tLSH: 7314.000000
tTrue: 1983087.000000
7416
31
254
7500
1592
1077
1394
1965
9306
1172
8160
410
5535
6957
4461
8054
8276
5262
5686
8922
4285
2554
2640
4143
704
5199
6494
4003
9448
2369
4076
2096
5890
7793
2022
4922
9741
9830
2527
8234
7406
6693

Query: 95
Nearest neighbor-1: 8100
distanceLSH: 236.376816
distanceTrue: 160.570862
tLSH: 5340.000000
tTrue: 2082308.000000
8100
5786
5746
5636
5859
1512
5758
1015
1021
9103
853
5420
2848
8685
2914
8547
3810
7440
8454
5141
1716
4098

Query: 96
Nearest neighbor-1: 4139
distanceLSH: 416.698944
distanceTrue: 305.391541
tLSH: 5072.000000
tTrue: 2022124.000000
4139
1989
8584
8841
9889
6640
7760
8258
7286
6427
8712
9506
7023
6304
6371
591
7932
1012
4473
8958
6262
548

Query: 97
Nearest neighbor-1: 9004
distanceLSH: 354.742157
distanceTrue: 285.790131
tLSH: 7446.000000
tTrue: 1989458.000000
9004
4617
1011
7472
4707
928
5124
9980
6811
5258
1377
4558
7950
2875
5832
2076
7040
878
2586
4978
8190
9355
7790
4186
5650
8375
4440
2240
6423
5616
9722
9317
5957
764
6623
7641
1851
1077
6357
7986
795
5663
1200
6075
4487
4424
6233
1250
497
8280
1387
6969
9490
9537
9732
7625
5393
6229
8117

Query: 98
Nearest neighbor-1: 5888
distanceLSH: 365.704803
distanceTrue: 233.531586
tLSH: 7638.000000
tTrue: 2002341.000000
5888
9847
3960
8979
6351
3749
8937
59
1766
745
4150
882
2548
460
4553
1960
821
2136
6456
6492
4845
4627
1959
179
589
1969
777
4863
5826
6565
539
8272
6214
6709
3735
2099
439
3321
4929
6631
1928
2664
7248
9764
9184
9308
1280
3399
7492
3610
9426
7830
6728
9831
1537
5987
503
4049
7470

Query: 99
Nearest neighbor-1: 4804
distanceLSH: 311.623169
distanceTrue: 137.429977
tLSH: 5156.000000
tTrue: 1993825.000000
4804
4819
6656
5458
1443
9079
6188
4091
2632
4789
3323
8270
1645
8144
9737
8298
9839
401
4773
1273

Query: 100
Nearest neighbor-1: 6662
distanceLSH: 357.039215
distanceTrue: 184.613113
tLSH: 5332.000000
tTrue: 1996570.000000
6662
6916
4996
6757
1630
7697
3675
118
3330
2950
5948
5719
952
1286
5714
8369
9093
5675
9099
1928
8449
9380
3127
8675
5699

